4 0.810140 0.197483 0.098470 0.082465
4 0.808512 0.340712 0.090332 0.065104
4 0.737305 0.298756 0.042317 0.085359
4 0.693359 0.319010 0.042317 0.091146
4 0.714111 0.420283 0.039876 0.050636
4 0.669352 0.429688 0.028483 0.049189
4 0.526937 0.429688 0.085449 0.115741
4 0.437825 0.448495 0.060221 0.072338
4 0.610352 0.724103 0.094401 0.149016
4 0.691732 0.689381 0.026042 0.065104
4 0.725098 0.672020 0.037435 0.062211
4 0.709635 0.787760 0.037435 0.062210
4 0.769450 0.872396 0.031738 0.052083
4 0.854899 0.936776 0.028483 0.085359
4 0.939941 0.695168 0.027669 0.062211
4 0.480957 0.606192 0.037435 0.054977
4 0.410156 0.587385 0.058594 0.069444
4 0.331624 0.579427 0.062663 0.096932
4 0.197347 0.837674 0.043131 0.057870
4 0.096436 0.736400 0.095215 0.208333
4 0.423584 0.643808 0.038249 0.040510
4 0.064697 0.544705 0.038249 0.065104
4 0.928955 0.462240 0.017090 0.047743
4 0.079753 0.955295 0.104167 0.087674
