0 0.579392 0.760417 0.061093 0.131944
0 0.294756 0.725694 0.402657 0.204167
0 0.404568 0.648611 0.166862 0.088889
0 0.188538 0.603472 0.251313 0.134722
0 0.264331 0.486806 0.430670 0.062500
0 0.303781 0.305556 0.442922 0.147222
0 0.568051 0.195833 0.142814 0.272619
0 0.945286 0.377349 0.109427 0.328508
0 0.887597 0.252381 0.070217 0.338095
0 0.830012 0.828472 0.106912 0.295833
0 0.857781 0.820833 0.134682 0.316667
0 0.905683 0.807639 0.155509 0.340278
0 0.921651 0.717361 0.145790 0.293056
0 0.831662 0.344643 0.058316 0.115476
0 0.930009 0.635714 0.125828 0.280952
0 0.922111 0.522619 0.148765 0.207143
0 0.959005 0.589881 0.072597 0.148810
0 0.307498 0.644048 0.071574 0.026190
0 0.164666 0.723214 0.121523 0.060714
0 0.034738 0.444643 0.069475 0.051190
0 0.127171 0.158929 0.113180 0.058333
