0 0.231744 0.437007 0.113573 0.025987
0 0.236962 0.371871 0.448842 0.070339
0 0.280565 0.182664 0.461700 0.159043
0 0.525571 0.150317 0.086358 0.123608
0 0.017130 0.314732 0.034260 0.032164
0 0.097717 0.029130 0.117909 0.058259
2 0.871875 0.3390625 0.015625 0.0140625
2 0.98203125 0.3421875 0.0109375 0.0140625
2 0.95078125 0.27265625 0.0109375 0.0140625
2 0.8546875 0.215625 0.015625 0.00625
2 0.86796875 0.2875 0.0203125 0.0140625
2 0.86171875 0.24765625 0.015625 0.009375
2 0.69375 0.40078125 0.015625 0.0125
2 0.70234375 0.353125 0.0140625 0.0109375
0 0.84375 0.01953125 0.025 0.03125
0 0.87578125 0.08125 0.0390625 0.065625
0 0.08984375 0.9296875 0.1796875 0.08125
2 0.7703125 0.66953125 0.1484375 0.159375
