6 0.552500 0.361111 0.047500 0.071111
6 0.961563 0.028333 0.040625 0.056667
6 0.340313 0.606667 0.014375 0.073333
6 0.308438 0.682222 0.026875 0.057778
6 0.471562 0.698889 0.073125 0.224444
6 0.429063 0.887778 0.014375 0.037778
6 0.624062 0.347222 0.186875 0.310000
6 0.759375 0.207778 0.113750 0.151111
6 0.874062 0.115556 0.025625 0.031111
6 0.524062 0.462778 0.046875 0.056667
6 0.417187 0.696111 0.040625 0.070000
6 0.603125 0.366667 0.041250 0.091111
6 0.477187 0.669444 0.025625 0.074444
6 0.535000 0.526111 0.105000 0.210000
6 0.682500 0.621111 0.093750 0.244444
6 0.815625 0.399444 0.112500 0.165556
6 0.943750 0.575556 0.111250 0.453333
6 0.563750 0.844444 0.121250 0.213333
6 0.616875 0.716667 0.102500 0.191111
6 0.743125 0.868889 0.198750 0.260000
6 0.608437 0.956111 0.081875 0.045556
6 0.636875 0.991667 0.015000 0.014444
6 0.416875 0.928889 0.041250 0.140000
6 0.414687 0.814444 0.014375 0.044444
6 0.309688 0.947222 0.028125 0.045556
6 0.807500 0.085556 0.022500 0.026667
6 0.243125 0.123889 0.030000 0.043333
