4 0.228678 0.335648 0.094401 0.130208
4 0.353597 0.509983 0.201009 0.221354
4 0.590007 0.397135 0.084635 0.261863
4 0.462646 0.791377 0.153809 0.358796
4 0.758871 0.087529 0.046387 0.088253
4 0.841064 0.202546 0.031738 0.115740
4 0.384928 0.227865 0.074870 0.099826
4 0.433757 0.285735 0.074870 0.085359
4 0.628662 0.825376 0.144043 0.339989
4 0.747477 0.937934 0.075684 0.122396
4 0.721029 0.774016 0.032552 0.081018
4 0.142822 0.465856 0.168457 0.393518
4 0.201009 0.595342 0.079752 0.085359
4 0.279948 0.509259 0.048828 0.083912
4 0.501302 0.084635 0.073242 0.131655
4 0.716146 0.083189 0.032552 0.105614
4 0.909831 0.173611 0.055338 0.318286
4 0.034993 0.091146 0.069987 0.124422
4 0.141195 0.216290 0.282389 0.111400
4 0.287272 0.324798 0.034180 0.143229
4 0.370687 0.787760 0.137533 0.322627
4 0.663656 0.510706 0.031738 0.057871
4 0.755208 0.312500 0.138346 0.295139
4 0.596110 0.116464 0.163574 0.221354
4 0.847168 0.372540 0.068359 0.339989
