5 0.589844 0.407118 0.051758 0.206597
5 0.666504 0.772135 0.041992 0.174479
5 0.610107 0.844618 0.061035 0.309028
5 0.423584 0.605469 0.008301 0.006076
5 0.435547 0.558160 0.025391 0.079861
5 0.440674 0.309462 0.041504 0.115451
5 0.718506 0.080729 0.029785 0.076389
5 0.761719 0.090712 0.025391 0.047743
5 0.837646 0.212240 0.021973 0.098090
5 0.727051 0.201389 0.025391 0.050347
5 0.227051 0.333767 0.081055 0.092882
5 0.017578 0.105035 0.035156 0.057292
5 0.277344 0.500434 0.029297 0.047743
5 0.370605 0.526042 0.028320 0.041667
5 0.481201 0.871962 0.088379 0.254340
5 0.498779 0.736979 0.024902 0.088542
5 0.479980 0.656684 0.048828 0.065104
5 0.544189 0.891927 0.017090 0.039062
5 0.580566 0.780816 0.024414 0.078993
5 0.587158 0.923177 0.020996 0.047743
5 0.717773 0.765191 0.015625 0.046007
5 0.712646 0.262587 0.019043 0.051215
5 0.864746 0.261719 0.011719 0.025174
