0 0.3375 0.76328125 0.2453125 0.24375
2 0.9921875 0.5921875 0.015625 0.01875
2 0.93125 0.553125 0.0328125 0.015625
2 0.8515625 0.50625 0.0328125 0.021875
2 0.7703125 0.453125 0.0265625 0.021875
2 0.590625 0.56640625 0.021875 0.0171875
2 0.8265625 0.65390625 0.025 0.0140625
2 0.9875 0.7 0.025 0.015625
2 0.93359375 0.721875 0.01875 0.015625
2 0.87734375 0.74296875 0.021875 0.0109375
2 0.77578125 0.78125 0.0171875 0.0109375
2 0.71328125 0.7875 0.028125 0.0171875
2 0.62734375 0.7734375 0.025 0.0140625
