5 0.630345 0.592654 0.008498 0.294225
5 0.594298 0.591192 0.018640 0.097588
5 0.546738 0.623721 0.011787 0.097588
5 0.566064 0.641630 0.008224 0.156067
5 0.531387 0.718750 0.011239 0.058845
5 0.524123 0.610563 0.006031 0.077851
5 0.460526 0.640534 0.016447 0.232091
5 0.432155 0.605446 0.017270 0.177266
5 0.416393 0.648026 0.024123 0.091374
5 0.396930 0.574013 0.010965 0.052997
5 0.389117 0.537829 0.001919 0.014254
5 0.408717 0.732639 0.003289 0.037646
5 0.377467 0.573648 0.015351 0.112208
5 0.393503 0.639985 0.010143 0.060673
5 0.401590 0.691338 0.005482 0.040570
5 0.408717 0.733004 0.001645 0.031798
5 0.396656 0.654423 0.018640 0.117325
5 0.349370 0.560490 0.015625 0.037646
5 0.259320 0.623721 0.018092 0.014985
5 0.441749 0.480629 0.030428 0.040936
5 0.366913 0.475694 0.021107 0.036915
