4 0.631853 0.591192 0.027412 0.327120
4 0.592791 0.589364 0.031524 0.162646
4 0.566064 0.626827 0.019189 0.219298
4 0.544561 0.599516 0.021411 0.197936
4 0.524148 0.621023 0.011419 0.103155
4 0.532427 0.711616 0.014274 0.091735
4 0.461913 0.637390 0.023981 0.256936
4 0.432223 0.607700 0.022268 0.197555
4 0.416949 0.665939 0.030547 0.170148
4 0.398678 0.675265 0.028834 0.183471
4 0.393968 0.563164 0.019984 0.087929
4 0.375982 0.565829 0.014845 0.104677
4 0.379265 0.623687 0.010563 0.065091
4 0.349147 0.545845 0.022839 0.074606
4 0.101529 0.680466 0.013400 0.048445
4 0.103333 0.730801 0.015976 0.061845
4 0.115959 0.749011 0.009792 0.039856
