6 0.499366 0.452778 0.076728 0.129630
6 0.483830 0.662500 0.050729 0.173148
4 0.388396 0.451389 0.050095 0.073148
4 0.394737 0.276852 0.036145 0.074074
4 0.308180 0.128241 0.030438 0.060185
4 0.311034 0.159259 0.037413 0.140741
5 0.400761 0.178241 0.032974 0.076852
6 0.499683 0.344750 0.062143 0.125926
6 0.507292 0.442593 0.044388 0.048148
6 0.495244 0.495833 0.022828 0.034259
3 0.339886 0.258796 0.025365 0.021296
4 0.420419 0.383333 0.020292 0.050000
6 0.528535 0.509259 0.019658 0.085185
6 0.533925 0.418056 0.035510 0.054630
4 0.399176 0.515741 0.014585 0.027778
4 0.350349 0.448148 0.009512 0.022222
5 0.395688 0.093056 0.012682 0.019444
5 0.543754 0.255556 0.025999 0.061111
