4 0.386250 0.519509 0.190833 0.144928
4 0.607500 0.423077 0.230000 0.157191
4 0.497083 0.482720 0.072500 0.089186
4 0.559167 0.628763 0.058333 0.071349
4 0.517500 0.568562 0.053333 0.062430
4 0.478333 0.608138 0.130000 0.139353
4 0.546667 0.684504 0.126667 0.185061
4 0.264167 0.439799 0.150000 0.175028
4 0.327500 0.198439 0.043333 0.073579
4 0.531667 0.168339 0.035000 0.049052
4 0.385833 0.609810 0.180000 0.120401
4 0.460417 0.701784 0.372500 0.248606
4 0.167917 0.283724 0.205833 0.239688
4 0.225417 0.424749 0.225833 0.305463
4 0.485119 0.482561 0.844047 0.684823
