1 0.25625 0.51953125 0.0515625 0.053125
1 0.3296875 0.5109375 0.0671875 0.0609375
1 0.41328125 0.50625 0.0578125 0.065625
1 0.5953125 0.478125 0.11875 0.0625
1 0.5 0.484375 0.025 0.021875
1 0.47265625 0.49609375 0.0265625 0.0453125
1 0.71640625 0.4671875 0.1109375 0.065625
1 0.8125 0.88671875 0.0578125 0.0578125
1 0.5953125 0.91015625 0.059375 0.0609375
1 0.59453125 0.47578125 0.11796875 0.0703125
1 0.71484375 0.46015625 0.11640625 0.06796875
1 0.33125 0.50703125 0.07421875 0.0625
1 0.41640625 0.50234375 0.046875 0.059375
1 0.2625 0.51953125 0.0515625 0.053125
1 0.82578125 0.89140625 0.0609375 0.0609375
1 0.59140625 0.90859375 0.05390625 0.06015625
1 0.57265625 0.90625 0.10859375 0.078125
