0 0.2875 0.35390625 0.575 0.1109375
1 0.19765625 0.48203125 0.0359375 0.0234375
1 0.31953125 0.43046875 0.0328125 0.0234375
1 0.321875 0.496875 0.028125 0.01875
1 0.2375 0.4875 0.025 0.01875
1 0.2734375 0.4125 0.03125 0.00625
1 0.41171875 0.553125 0.025 0.0171875
1 0.23671875 0.53203125 0.0265625 0.01875
1 0.084375 0.5703125 0.046875 0.0234375
1 0.21953125 0.603125 0.0265625 0.015625
1 0.1484375 0.5734375 0.025 0.0203125
1 0.3 0.60859375 0.0234375 0.0203125
1 0.32265625 0.5671875 0.021875 0.015625
1 0.7953125 0.53984375 0.325 0.2609375
