0 0.13125 0.30390625 0.2625 0.3515625
2 0.45703125 0.0609375 0.0203125 0.015625
2 0.52265625 0.15 0.021875 0.015625
2 0.584375 0.234375 0.01875 0.0171875
2 0.6453125 0.2390625 0.0234375 0.0140625
2 0.715625 0.24296875 0.0234375 0.0125
2 0.78984375 0.24609375 0.01875 0.0140625
2 0.55078125 0.3078125 0.0125 0.0109375
2 0.6078125 0.32734375 0.0203125 0.0140625
2 0.57109375 0.34453125 0.0125 0.0109375
2 0.6625 0.34296875 0.015625 0.0125
2 0.59375 0.38046875 0.0109375 0.0109375
2 0.6328125 0.4421875 0.0125 0.0078125
2 0.6625 0.46953125 0.0125 0.0125
2 0.76328125 0.50859375 0.0125 0.0109375
2 0.7140625 0.4890625 0.015625 0.0109375
2 0.8265625 0.3796875 0.01875 0.0125
2 0.91796875 0.39375 0.021875 0.01875
0 0.9890625 0.3625 0.015625 0.01875
2 0.92578125 0.56484375 0.021875 0.01875
