0 0.353375 0.233118 0.234705 0.195372
0 0.719742 0.151239 0.123279 0.147951
0 0.359861 0.379489 0.281646 0.151745
0 0.743923 0.345979 0.124228 0.110015
0 0.838279 0.279590 0.117589 0.156803
0 0.039345 0.344714 0.078690 0.142893
0 0.184425 0.125885 0.209575 0.251770
0 0.169252 0.402251 0.082502 0.171978
0 0.923626 0.420587 0.100520 0.079666
0 0.940002 0.657056 0.119995 0.132777
0 0.924829 0.835989 0.150341 0.240263
0 0.797028 0.803111 0.112848 0.139100
0 0.565643 0.820814 0.655276 0.280728
0 0.384991 0.897129 0.256041 0.205741
0 0.117580 0.920524 0.235159 0.158953
0 0.183477 0.707638 0.112848 0.218766
0 0.068742 0.735458 0.137484 0.127719
0 0.869099 0.488240 0.093882 0.268083
