0 0.332656 0.175140 0.216926 0.180575
0 0.671271 0.099462 0.113941 0.136746
0 0.338651 0.310425 0.260311 0.140252
0 0.693621 0.279453 0.114817 0.101683
0 0.780829 0.218093 0.108682 0.144928
0 0.039389 0.278284 0.078778 0.132071
0 0.172210 0.096190 0.185110 0.192380
0 0.162481 0.331463 0.076253 0.158953
0 0.859712 0.348410 0.092906 0.073633
0 0.877241 0.566971 0.115694 0.122721
0 0.865847 0.732352 0.149000 0.222066
0 0.742703 0.701964 0.104300 0.128565
0 0.528845 0.718326 0.605640 0.259467
0 0.361878 0.801309 0.236646 0.215054
0 0.117781 0.868513 0.228758 0.262973
0 0.175628 0.613721 0.104300 0.202197
0 0.066560 0.639434 0.133119 0.118046
0 0.809315 0.410940 0.086770 0.247779
