0 0.61015625 0.15625 0.2015625 0.175
0 0.91328125 0.0171875 0.1734375 0.034375
2 0.0453125 0.8890625 0.0171875 0.0078125
2 0.08828125 0.8671875 0.0140625 0.0078125
2 0.1296875 0.84296875 0.0109375 0.0078125
2 0.17109375 0.8203125 0.0125 0.0078125
2 0.234375 0.7859375 0.0125 0.0125
2 0.2640625 0.76953125 0.0140625 0.0109375
2 0.3546875 0.72421875 0.0109375 0.0078125
2 0.38046875 0.71015625 0.0140625 0.0078125
2 0.40546875 0.69765625 0.0140625 0.00625
2 0.43203125 0.68515625 0.0140625 0.0109375
2 0.49609375 0.6515625 0.0109375 0.0078125
2 0.31484375 0.8015625 0.0125 0.0078125
0 0.2984375 0.7359375 0.06875 0.0671875
