2 0.646875 0.04375 0.05 0.0375
0 0.346814 0.886882 0.057095 0.135611
0 0.487648 0.795093 0.124704 0.098037
0 0.490984 0.758760 0.118033 0.065387
0 0.491264 0.592102 0.117472 0.037894
0 0.465644 0.462122 0.168711 0.064868
0 0.018422 0.482579 0.036844 0.105783
0 0.104877 0.902333 0.071302 0.195334
0 0.080570 0.893044 0.087148 0.213912
0 0.042748 0.880182 0.085496 0.239635
0 0.029824 0.766488 0.059647 0.149439
0 0.060996 0.474065 0.051789 0.088754
0 0.018399 0.655930 0.036798 0.083888
0 0.026051 0.568832 0.052102 0.066482
