1 0.424074 0.520833 0.018519 0.025000
1 0.411111 0.480556 0.014815 0.019444
1 0.427315 0.433333 0.025000 0.025000
1 0.462037 0.387500 0.020370 0.027778
1 0.522685 0.438194 0.013889 0.018056
1 0.5515625 0.440625 0.01171875 0.028125
1 0.59609375 0.42109375 0.009375 0.0140625
1 0.54921875 0.371875 0.015625 0.025
1 0.5546875 0.35234375 0.01328125 0.02109375
1 0.58671875 0.36953125 0.01015625 0.0140625
1 0.58046875 0.3734375 0.01171875 0.01640625
1 0.603125 0.384375 0.01640625 0.0234375
1 0.6234375 0.396875 0.015625 0.025
1 0.53828125 0.47734375 0.015625 0.0265625
1 0.52109375 0.4703125 0.01171875 0.0234375
1 0.33515625 0.525 0.021875 0.025
1 0.2984375 0.48515625 0.0265625 0.02109375
1 0.265625 0.51015625 0.01875 0.01796875
1 0.240625 0.4859375 0.025 0.01953125
1 0.2015625 0.4765625 0.01015625 0.021875
1 0.171875 0.49296875 0.02578125 0.01640625
1 0.2140625 0.46640625 0.01875 0.01640625
1 0.28046875 0.41640625 0.04140625 0.028125
1 0.2921875 0.42578125 0.03203125 0.02109375
1 0.32890625 0.39921875 0.0359375 0.03203125
1 0.3421875 0.365625 0.015625 0.015625
1 0.38828125 0.34609375 0.021875 0.021875
1 0.38359375 0.37734375 0.01328125 0.015625
1 0.3734375 0.39375 0.0234375 0.0125
1 0.4125 0.378125 0.0265625 0.021875
1 0.328125 0.378125 0.02421875 0.01640625
1 0.246875 0.4359375 0.02421875 0.0140625
1 0.353125 0.434375 0.02421875 0.021875
1 0.32421875 0.4265625 0.0203125 0.01640625
