1 0.5609375 0.88359375 0.0578125 0.03671875
1 0.6203125 0.8625 0.04609375 0.05859375
1 0.6765625 0.81953125 0.0203125 0.01640625
1 0.82421875 0.84609375 0.07578125 0.05859375
1 0.90703125 0.82265625 0.04921875 0.03828125
1 0.72734375 0.4546875 0.1 0.05078125
1 0.608039 0.468065 0.134663 0.058936
1 0.447677 0.491365 0.050370 0.045230
1 0.365954 0.490680 0.067845 0.043860
1 0.308902 0.507812 0.035979 0.047971
1 0.927220 0.433114 0.090461 0.035636
1 0.832648 0.437911 0.096628 0.047971
1 0.535053 0.487253 0.083265 0.061678
