2 0.24609375 0.23125 0.034375 0.025
2 0.10625 0.26640625 0.034375 0.0234375
1 0.59453125 0.16953125 0.259375 0.3203125
1 0.90859375 0.38984375 0.1828125 0.2015625
2 0.13828125 0.8109375 0.0515625 0.0390625
2 0.37734375 0.8625 0.0171875 0.0125
2 0.78515625 0.9375 0.0078125 0.009375
2 0.703125 0.88828125 0.009375 0.0109375
2 0.70546875 0.84375 0.0125 0.009375
0 0.77421875 0.79453125 0.03125 0.1109375
2 0.7015625 0.81953125 0.009375 0.009375
2 0.70078125 0.7953125 0.0078125 0.0046875
2 0.69921875 0.759375 0.009375 0.009375
2 0.696875 0.7171875 0.0109375 0.0078125
2 0.696875 0.6921875 0.0109375 0.0078125
2 0.68515625 0.675 0.009375 0.0078125
2 0.68359375 0.65390625 0.0109375 0.009375
0 0.7546875 0.65 0.04375 0.08125
