0 0.86953125 0.2015625 0.2609375 0.20625
2 0.04609375 0.44609375 0.0359375 0.025
2 0.19921875 0.48515625 0.040625 0.0234375
2 0.3421875 0.52421875 0.0359375 0.0171875
2 0.48046875 0.56171875 0.0296875 0.01875
2 0.54921875 0.52109375 0.034375 0.015625
2 0.6296875 0.4734375 0.0328125 0.0203125
2 0.71015625 0.42109375 0.0265625 0.0203125
2 0.653125 0.6203125 0.025 0.0140625
2 0.4921875 0.66796875 0.0265625 0.0140625
2 0.54609375 0.68828125 0.0203125 0.015625
2 0.60234375 0.709375 0.0203125 0.0109375
2 0.70234375 0.746875 0.0171875 0.0109375
