2 0.440625 0.32421875 0.0640625 0.0421875
1 0.669973 0.218455 0.061820 0.203935
1 0.559375 0.56640625 0.009375 0.009375
1 0.56171875 0.59765625 0.009375 0.009375
1 0.378125 0.43515625 0.0171875 0.0125
1 0.43046875 0.4265625 0.021875 0.01875
1 0.48515625 0.43125 0.0234375 0.015625
1 0.503125 0.446875 0.015625 0.0109375
1 0.565625 0.47265625 0.0109375 0.009375
1 0.56171875 0.4453125 0.0125 0.0125
1 0.5171875 0.4609375 0.0109375 0.0125
1 0.4984375 0.5109375 0.0125 0.009375
1 0.54453125 0.515625 0.0140625 0.0078125
1 0.5078125 0.534375 0.0125 0.009375
1 0.4703125 0.54765625 0.015625 0.0125
1 0.453125 0.52890625 0.009375 0.009375
1 0.4140625 0.52578125 0.0109375 0.009375
1 0.32109375 0.48671875 0.0546875 0.021875
1 0.475 0.440625 0.0125 0.009375
1 0.45 0.45 0.0328125 0.028125
1 0.46484375 0.465625 0.028125 0.0109375
1 0.4453125 0.48984375 0.015625 0.009375
1 0.47578125 0.528125 0.040625 0.0265625
0 0.8640625 0.6765625 0.271875 0.2125
