2 0.0125 0.65234375 0.0171875 0.009375
2 0.02734375 0.6765625 0.0171875 0.0140625
2 0.04375 0.7078125 0.021875 0.0125
2 0.14140625 0.59296875 0.0140625 0.0109375
2 0.20234375 0.553125 0.009375 0.009375
2 0.246875 0.578125 0.0125 0.0140625
2 0.34921875 0.6421875 0.0125 0.0109375
2 0.4671875 0.740625 0.015625 0.0140625
0 0.16953125 0.63046875 0.05625 0.028125
0 0.21640625 0.675 0.0578125 0.059375
0 0.3890625 0.65078125 0.0671875 0.040625
0 0.18125 0.53046875 0.04375 0.03125
0 0.44140625 0.69765625 0.0640625 0.1046875
2 0.7359375 0.6578125 0.0671875 0.0484375
