2 0.97734375 0.471875 0.0109375 0.0109375
2 0.878125 0.49453125 0.00625 0.0109375
2 0.89609375 0.40625 0.009375 0.0109375
2 0.9796875 0.35703125 0.0109375 0.009375
2 0.98046875 0.3125 0.0140625 0.009375
0 0.91484375 0.26328125 0.0359375 0.1109375
2 0.98515625 0.28828125 0.009375 0.0078125
2 0.9875 0.2640625 0.0078125 0.00625
2 0.990625 0.22890625 0.009375 0.009375
2 0.99453125 0.1859375 0.0109375 0.00625
2 0.9953125 0.1609375 0.009375 0.00625
0 0.94140625 0.10390625 0.0484375 0.1125
2 0.3265625 0.596875 0.2625 0.175
1 0.71015625 0.62109375 0.146875 0.175
1 0.8875 0.646875 0.140625 0.1375
