2 0.30546875 0.1203125 0.1484375 0.240625
2 0.2078125 0.275 0.228125 0.225
2 0.27734375 0.60546875 0.1921875 0.1484375
2 0.39921875 0.12890625 0.0390625 0.0578125
1 0.18984375 0.940625 0.3796875 0.11875
2 0.86796875 0.73046875 0.021875 0.021875
2 0.79140625 0.7890625 0.03125 0.021875
2 0.94453125 0.7640625 0.0265625 0.01875
2 0.825 0.88359375 0.028125 0.021875
2 0.59296875 0.95625 0.0234375 0.021875
0 0.5328125 0.978125 0.09375 0.04375
0 0.76875 0.95859375 0.115625 0.0828125
0 0.87109375 0.85546875 0.065625 0.04375
0 0.9046875 0.6984375 0.0625 0.0375
