1 0.12421875 0.23515625 0.2484375 0.1859375
2 0.5375 0.21015625 0.025 0.01875
2 0.634375 0.22890625 0.025 0.0171875
2 0.72578125 0.24609375 0.021875 0.01875
2 0.81015625 0.26171875 0.025 0.01875
2 0.91875 0.18046875 0.0390625 0.021875
2 0.6828125 0.3578125 0.028125 0.0140625
2 0.84609375 0.346875 0.0359375 0.0171875
2 0.81015625 0.38203125 0.025 0.01875
2 0.653125 0.49296875 0.021875 0.0140625
2 0.57734375 0.50390625 0.0296875 0.0203125
2 0.9859375 0.60625 0.028125 0.025
2 0.79296875 0.871875 0.0578125 0.0375
