1 0.275 0.10859375 0.06875 0.1015625
0 0.60625 0.365625 0.2328125 0.184375
1 0.7234375 0.30859375 0.553125 0.4421875
2 0.62109375 0.63671875 0.0203125 0.015625
2 0.43515625 0.76875 0.0328125 0.0234375
2 0.4609375 0.9078125 0.028125 0.028125
2 0.675 0.93984375 0.0375 0.025
2 0.98203125 0.90390625 0.015625 0.0171875
2 0.859375 0.70859375 0.040625 0.021875
2 0.72109375 0.703125 0.040625 0.025
0 0.64453125 0.64609375 0.0296875 0.0140625
0 0.38671875 0.77890625 0.05 0.1234375
0 0.43515625 0.7265625 0.0515625 0.0640625
0 0.55078125 0.65 0.065625 0.0375
