0 0.271875 0.23515625 0.334375 0.3078125
2 0.50859375 0.328125 0.065625 0.065625
2 0.6890625 0.3265625 0.0671875 0.0671875
2 0.825 0.32109375 0.05625 0.053125
2 0.98125 0.3234375 0.0375 0.05625
2 0.7546875 0.0234375 0.08125 0.046875
2 0.70546875 0.16015625 0.0734375 0.075
2 0.775 0.284375 0.078125 0.071875
2 0.16640625 0.878125 0.009375 0.009375
2 0.15703125 0.82265625 0.009375 0.0078125
2 0.15234375 0.8046875 0.009375 0.0046875
2 0.15 0.7875 0.00625 0.0046875
2 0.14765625 0.7765625 0.0078125 0.0046875
2 0.0921875 0.859375 0.00625 0.00625
2 0.08984375 0.84296875 0.009375 0.0046875
0 0.5859375 0.915625 0.01875 0.0046875
