1 0.536981 0.589800 0.037414 0.042129
1 0.386910 0.355322 0.029931 0.034368
1 0.337025 0.427384 0.028268 0.036585
1 0.408943 0.474501 0.024111 0.028825
1 0.808856 0.375277 0.039077 0.029933
1 0.632595 0.737251 0.029100 0.037694
1 0.864561 0.533259 0.027437 0.026608
1 0.062240 0.419069 0.020786 0.026608
1 0.076803 0.471729 0.024969 0.032151
1 0.122934 0.375831 0.019123 0.031042
1 0.757723 0.226164 0.026605 0.028825
1 0.493747 0.037140 0.039077 0.036585
1 0.756060 0.031042 0.044897 0.033259
1 0.099239 0.325388 0.018291 0.025499
