1 0.309375 0.19453125 0.365625 0.3546875
2 0.96171875 0.1359375 0.0265625 0.0140625
2 0.76171875 0.1875 0.0234375 0.01875
2 0.546875 0.29765625 0.0265625 0.01875
2 0.50703125 0.41875 0.0140625 0.021875
2 0.6453125 0.453125 0.021875 0.0125
2 0.8671875 0.39375 0.0375 0.015625
0 0.828125 0.3265625 0.0734375 0.025
0 0.7 0.196875 0.078125 0.0359375
0 0.9375 0.21015625 0.125 0.0890625
0 0.5078125 0.3203125 0.015625 0.09375
0 0.5859375 0.24296875 0.1390625 0.0671875
1 0.38984375 0.75390625 0.1234375 0.1265625
1 0.06015625 0.81484375 0.1203125 0.2546875
1 0.28984375 0.9 0.4203125 0.2
1 0.45078125 0.6203125 0.0984375 0.165625
1 0.878125 0.87734375 0.24375 0.2453125
1 0.9265625 0.64609375 0.146875 0.2078125
