0 0.2421875 0.28359375 0.1671875 0.184375
2 0.503125 0.21484375 0.034375 0.01875
2 0.64453125 0.2546875 0.0296875 0.0203125
2 0.71171875 0.215625 0.0328125 0.0171875
2 0.7890625 0.1703125 0.03125 0.021875
2 0.8671875 0.11796875 0.0265625 0.021875
2 0.821875 0.31875 0.025 0.0140625
2 0.6625 0.3625 0.0265625 0.0140625
2 0.71875 0.384375 0.01875 0.015625
2 0.77578125 0.40625 0.021875 0.0109375
2 0.87890625 0.446875 0.0171875 0.0109375
2 0.94140625 0.4546875 0.028125 0.01875
0 0.36640625 0.834375 0.1859375 0.15
