1 0.165625 0.47109375 0.33125 0.2578125
1 0.8625 0.20859375 0.275 0.4171875
2 0.58125 0.95703125 0.009375 0.009375
2 0.490625 0.97734375 0.0046875 0.009375
2 0.50390625 0.89453125 0.0078125 0.009375
2 0.58125 0.84921875 0.009375 0.009375
2 0.58046875 0.8078125 0.0125 0.0078125
0 0.5171875 0.7609375 0.03125 0.103125
2 0.584375 0.784375 0.0078125 0.0078125
2 0.58515625 0.7625 0.00625 0.0046875
2 0.5859375 0.72734375 0.00625 0.0078125
2 0.5875 0.6875 0.003125 0.00625
2 0.5875 0.665625 0.003125 0.00625
0 0.53671875 0.63203125 0.0421875 0.0640625
