2 0.725 0.34375 0.0171875 0.01875
2 0.69140625 0.2609375 0.01875 0.0171875
2 0.74453125 0.21484375 0.015625 0.0140625
2 0.8015625 0.2515625 0.021875 0.0125
2 0.88671875 0.42890625 0.021875 0.015625
2 0.8609375 0.48359375 0.0234375 0.0171875
0 0.69609375 0.4125 0.0984375 0.090625
0 0.759375 0.321875 0.0484375 0.0296875
0 0.5109375 0.41484375 0.125 0.1109375
0 0.80625 0.15859375 0.1171875 0.0953125
2 0.27421875 0.8640625 0.0703125 0.134375
2 0.0265625 0.8390625 0.053125 0.128125
0 0.55546875 0.5828125 0.1359375 0.115625
