0 0.842011 0.264883 0.315978 0.066918
0 0.13359375 0.83828125 0.0671875 0.034375
2 0.39609375 0.80859375 0.0265625 0.0203125
2 0.42265625 0.86796875 0.025 0.0203125
2 0.2171875 0.66328125 0.0203125 0.01875
2 0.00390625 0.62734375 0.0078125 0.0203125
2 0.025 0.5453125 0.028125 0.0125
0 0.05 0.696875 0.1 0.09375
0 0.26796875 0.68359375 0.0859375 0.0609375
0 0.453125 0.83125 0.06875 0.1109375
0 0.359375 0.75 0.1140625 0.0953125
1 0.805495 0.582770 0.171904 0.087414
1 0.907314 0.879401 0.185371 0.241198
