2 0.046875 0.2078125 0.0171875 0.0140625
2 0.12109375 0.259375 0.0203125 0.0171875
2 0.0796875 0.353125 0.0203125 0.0125
2 0.30390625 0.3953125 0.0203125 0.015625
0 0.20078125 0.5953125 0.0328125 0.009375
0 0.040625 0.3296875 0.0703125 0.053125
0 0.3640625 0.42421875 0.090625 0.0640625
0 0.02578125 0.16328125 0.0515625 0.0546875
0 0.1171875 0.42890625 0.1625 0.125
2 0.98515625 0.1828125 0.0296875 0.065625
2 0.97890625 0.26953125 0.0421875 0.0609375
2 0.84140625 0.35703125 0.0640625 0.065625
2 0.71328125 0.3546875 0.0671875 0.071875
2 0.46640625 0.33671875 0.0328125 0.0765625
1 0.1765625 0.7140625 0.3375 0.2109375
1 0.940735 0.960379 0.112990 0.079243
1 0.782537 0.663283 0.076240 0.090916
1 0.750345 0.974614 0.067576 0.050772
