2 0.0234375 0.215625 0.0265625 0.015625
2 0.0375 0.32734375 0.0296875 0.0140625
2 0.19453125 0.29453125 0.03125 0.015625
2 0.2828125 0.2671875 0.0359375 0.01875
2 0.1171875 0.11328125 0.01875 0.009375
2 0.18515625 0.11484375 0.0203125 0.015625
2 0.36796875 0.13671875 0.0265625 0.0203125
2 0.4640625 0.39453125 0.03125 0.021875
2 0.228125 0.409375 0.021875 0.021875
2 0.16953125 0.4109375 0.025 0.0171875
0 0.32109375 0.20078125 0.0484375 0.0265625
0 0.24453125 0.15 0.0546875 0.0171875
0 0.44296875 0.13046875 0.1015625 0.0296875
1 0.334375 0.87265625 0.0265625 0.0265625
2 0.9765625 0.603125 0.0265625 0.01875
2 0.8765625 0.62421875 0.0265625 0.0171875
2 0.78203125 0.64375 0.021875 0.01875
2 0.6953125 0.6609375 0.0265625 0.01875
2 0.57421875 0.57734375 0.0390625 0.0171875
2 0.83515625 0.75859375 0.0296875 0.0140625
2 0.6640625 0.74921875 0.0375 0.0171875
2 0.7046875 0.7859375 0.0265625 0.01875
2 0.87578125 0.9 0.021875 0.0140625
2 0.95625 0.91015625 0.0296875 0.0203125
