1 0.334375 0.0984375 0.26875 0.196875
0 0.94296875 0.12265625 0.1140625 0.0359375
2 0.93984375 0.21171875 0.0125 0.0078125
2 0.8546875 0.20859375 0.0140625 0.00625
2 0.7703125 0.2078125 0.0125 0.00625
2 0.46015625 0.3796875 0.0171875 0.0125
2 0.3890625 0.3828125 0.01875 0.0140625
2 0.40390625 0.64609375 0.0125 0.0109375
2 0.45390625 0.62734375 0.015625 0.0109375
2 0.34609375 0.51640625 0.01875 0.0125
2 0.25390625 0.53046875 0.021875 0.01875
2 0.13359375 0.47109375 0.0171875 0.0109375
0 0.184375 0.49765625 0.015625 0.01875
2 0.02109375 0.60390625 0.0265625 0.0203125
2 0.0703125 0.7078125 0.021875 0.01875
2 0.23828125 0.70078125 0.021875 0.01875
