2 0.45859375 0.134375 0.0234375 0.0171875
2 0.39765625 0.21875 0.0203125 0.01875
2 0.33515625 0.2203125 0.025 0.015625
2 0.2640625 0.221875 0.025 0.0140625
2 0.1875 0.22109375 0.0203125 0.015625
2 0.43359375 0.29453125 0.0140625 0.0125
2 0.37578125 0.31171875 0.021875 0.015625
2 0.4140625 0.33203125 0.0140625 0.0125
2 0.3203125 0.3265625 0.0171875 0.0140625
2 0.39140625 0.3671875 0.0125 0.0125
2 0.353125 0.42890625 0.0140625 0.0078125
2 0.32265625 0.45546875 0.0140625 0.0140625
2 0.22109375 0.49140625 0.0140625 0.0125
2 0.27109375 0.4734375 0.0171875 0.0125
2 0.153125 0.35625 0.0203125 0.0140625
2 0.06015625 0.3671875 0.0234375 0.0203125
2 0.05625 0.5421875 0.0234375 0.0203125
2 0.73984375 0.1296875 0.0671875 0.053125
0 0.23984375 0.75546875 0.4796875 0.1859375
