0 0.40859375 0.05078125 0.1203125 0.1015625
0 0.66171875 0.5046875 0.0328125 0.028125
2 0.66015625 0.54375 0.03125 0.015625
2 0.546875 0.3234375 0.0140625 0.009375
2 0.6046875 0.28671875 0.009375 0.0078125
2 0.65078125 0.31328125 0.0125 0.0140625
2 0.7578125 0.38125 0.0140625 0.0109375
2 0.8828125 0.484375 0.015625 0.0140625
2 0.95234375 0.57421875 0.0171875 0.0109375
0 0.578125 0.36171875 0.05625 0.025
0 0.62734375 0.4078125 0.0578125 0.05625
0 0.7984375 0.39140625 0.06875 0.0375
0 0.58203125 0.2625 0.0421875 0.028125
0 0.93984375 0.5328125 0.06875 0.078125
0 0.85546875 0.44609375 0.065625 0.1078125
0 0.8921875 0.709375 0.215625 0.259375
