2 0.0484375 0.22890625 0.084375 0.0484375
2 0.45703125 0.26640625 0.0703125 0.0484375
2 0.9796875 0.22421875 0.0328125 0.0234375
2 0.8109375 0.1109375 0.025 0.0171875
2 0.734375 0.15703125 0.0234375 0.0171875
2 0.66171875 0.19921875 0.0203125 0.01875
2 0.62890625 0.33828125 0.0203125 0.0140625
2 0.7734375 0.29765625 0.0234375 0.0109375
2 0.68359375 0.3578125 0.021875 0.0109375
2 0.8828125 0.421875 0.021875 0.0171875
2 0.9578125 0.40703125 0.025 0.015625
0 0.72421875 0.70859375 0.2109375 0.4984375
