0 0.028125 0.40703125 0.05625 0.1859375
0 0.33828125 0.25 0.3140625 0.5
2 0.42890625 0.97421875 0.009375 0.009375
2 0.41875 0.9484375 0.009375 0.0078125
2 0.4109375 0.925 0.009375 0.00625
2 0.4 0.9 0.0109375 0.0078125
2 0.3890625 0.88046875 0.0125 0.0078125
2 0.37890625 0.86015625 0.009375 0.00625
2 0.3671875 0.8421875 0.0109375 0.00625
2 0.36015625 0.83046875 0.0078125 0.00625
2 0.34921875 0.81015625 0.009375 0.0078125
2 0.33671875 0.79375 0.0078125 0.00625
2 0.325 0.77890625 0.0078125 0.0078125
2 0.6859375 0.87734375 0.0109375 0.0140625
2 0.65546875 0.86015625 0.0109375 0.0109375
2 0.59921875 0.8296875 0.0109375 0.009375
2 0.5734375 0.8171875 0.009375 0.00625
2 0.5109375 0.78203125 0.0078125 0.0109375
2 0.46953125 0.759375 0.009375 0.009375
2 0.453125 0.75 0.009375 0.0078125
2 0.4375 0.74375 0.0078125 0.0078125
2 0.42109375 0.734375 0.0078125 0.0078125
2 0.40625 0.72734375 0.009375 0.0078125
2 0.3921875 0.72109375 0.0078125 0.0078125
2 0.3828125 0.715625 0.0078125 0.00625
2 0.36875 0.709375 0.0078125 0.0078125
2 0.35703125 0.70234375 0.00625 0.0078125
