0 0.22109375 0.04765625 0.4421875 0.0953125
2 0.646875 0.68046875 0.003125 0.0234375
2 0.28359375 0.85625 0.0203125 0.021875
2 0.32578125 0.62734375 0.015625 0.025
2 0.61171875 0.95546875 0.0171875 0.0171875
2 0.4875 0.94453125 0.0203125 0.0234375
2 0.4375 0.4625 0.0203125 0.009375
2 0.94921875 0.8375 0.009375 0.00625
2 0.9390625 0.8640625 0.0078125 0.00625
2 0.86328125 0.84453125 0.009375 0.00625
2 0.73671875 0.87265625 0.009375 0.00625
2 0.74140625 0.94140625 0.0109375 0.00625
2 0.82890625 0.92734375 0.0140625 0.0078125
