2 0.646875 0.04296875 0.021875 0.0203125
2 0.58203125 0.1359375 0.01875 0.0171875
2 0.4640625 0.30390625 0.01875 0.015625
2 0.521875 0.22265625 0.021875 0.015625
2 0.40859375 0.38203125 0.021875 0.015625
2 0.35859375 0.45625 0.01875 0.015625
2 0.31171875 0.5265625 0.0203125 0.0125
2 0.24375 0.534375 0.021875 0.01875
2 0.1703125 0.5421875 0.028125 0.0125
2 0.09140625 0.54609375 0.021875 0.01875
2 0.18046875 0.7828125 0.0140625 0.0140625
2 0.2390625 0.75625 0.0203125 0.0140625
2 0.2984375 0.7296875 0.0171875 0.015625
2 0.07109375 0.671875 0.0203125 0.0140625
2 0.26328125 0.61953125 0.0171875 0.0125
2 0.37109375 0.60859375 0.0109375 0.0125
2 0.3859375 0.57578125 0.015625 0.0109375
