0 0.43828125 0.26875 0.0609375 0.1875
1 0.8328125 0.3453125 0.3328125 0.209375
0 0.44921875 0.59296875 0.0390625 0.0859375
1 0.35703125 0.96484375 0.2234375 0.0703125
1 0.4046875 0.775 0.128125 0.45
0 0.49375 0.69375 0.05 0.05
0 0.55625 0.7984375 0.0625 0.0171875
2 0.62890625 0.65859375 0.01875 0.01875
2 0.8453125 0.7640625 0.021875 0.01875
2 0.8953125 0.8765625 0.01875 0.0140625
2 0.7578125 0.9140625 0.0328125 0.015625
2 0.52109375 0.8640625 0.0328125 0.0171875
2 0.5140625 0.90703125 0.0203125 0.009375
0 0.696875 0.6640625 0.0890625 0.0390625
0 0.896875 0.77265625 0.06875 0.1203125
0 0.82109375 0.725 0.096875 0.059375
