1 0.04609375 0.17421875 0.0921875 0.3484375
2 0.85390625 0.5859375 0.0125 0.00625
2 0.84609375 0.56640625 0.0078125 0.0046875
2 0.834375 0.55 0.009375 0.0046875
2 0.828125 0.5390625 0.00625 0.0046875
2 0.81875 0.52109375 0.0078125 0.00625
2 0.8078125 0.50625 0.00625 0.0046875
2 0.796875 0.49296875 0.00625 0.00625
2 0.971875 0.48828125 0.00625 0.009375
2 0.9328125 0.46875 0.0078125 0.0078125
2 0.91796875 0.4609375 0.0078125 0.00625
2 0.903125 0.45546875 0.00625 0.00625
2 0.8890625 0.446875 0.00625 0.00625
2 0.875 0.44140625 0.0078125 0.00625
2 0.8609375 0.43671875 0.00625 0.00625
2 0.853125 0.43125 0.00625 0.0046875
2 0.83984375 0.425 0.00625 0.00625
2 0.82890625 0.41953125 0.0046875 0.00625
2 0.19296875 0.73203125 0.09375 0.0921875
