2 0.153125 0.46015625 0.0125 0.0125
2 0.15234375 0.296875 0.015625 0.0125
2 0.0453125 0.29609375 0.009375 0.0125
2 0.075 0.2296875 0.009375 0.0125
2 0.165625 0.178125 0.015625 0.00625
2 0.1546875 0.246875 0.01875 0.0125
2 0.16015625 0.20859375 0.0140625 0.0078125
2 0.32578125 0.36171875 0.0140625 0.0109375
2 0.3171875 0.315625 0.0140625 0.0109375
2 0.45546875 0.1875 0.015625 0.009375
0 0.14296875 0.046875 0.040625 0.0640625
1 0.58828125 0.5140625 0.0984375 0.16875
0 0.25 0.6765625 0.271875 0.115625
