1 0.21953125 0.19453125 0.4390625 0.3890625
1 0.0796875 0.3265625 0.159375 0.125
0 0.24453125 0.18359375 0.0640625 0.0734375
0 0.71953125 0.06875 0.5609375 0.1375
2 0.41328125 0.603125 0.025 0.015625
0 0.41953125 0.65390625 0.0359375 0.0171875
2 0.1125 0.5890625 0.025 0.0203125
2 0.01484375 0.61171875 0.025 0.01875
2 0.42109375 0.9140625 0.0359375 0.021875
2 0.35390625 0.7203125 0.04375 0.0234375
2 0.215625 0.7359375 0.0328125 0.025
2 0.01015625 0.88359375 0.0203125 0.0140625
2 0.08984375 0.89296875 0.0296875 0.021875
