2 0.7421875 0.12734375 0.01875 0.0171875
2 0.71328125 0.265625 0.025 0.01875
2 0.6546875 0.30859375 0.021875 0.015625
0 0.01953125 0.6671875 0.0390625 0.034375
2 0.003125 0.7171875 0.00625 0.0125
2 0.33046875 0.746875 0.01875 0.0140625
2 0.334375 0.72421875 0.021875 0.0125
2 0.246875 0.634375 0.0203125 0.0140625
2 0.1046875 0.53515625 0.0171875 0.015625
0 0.3109375 0.67578125 0.1046875 0.0875
0 0.18125 0.55703125 0.1421875 0.125
0 0.01875 0.4375 0.0375 0.05625
2 0.5828125 0.79375 0.046875 0.0375
2 0.56953125 0.9546875 0.0203125 0.046875
