1 0.4171875 0.23828125 0.0125 0.009375
1 0.37578125 0.22109375 0.0125 0.009375
1 0.375 0.24453125 0.0109375 0.0078125
1 0.403125 0.24140625 0.009375 0.0078125
1 0.38984375 0.21328125 0.0109375 0.0078125
1 0.34453125 0.26328125 0.009375 0.0046875
1 0.403125 0.25625 0.0109375 0.0078125
1 0.45703125 0.26953125 0.0171875 0.009375
1 0.41015625 0.28046875 0.0109375 0.0046875
1 0.43515625 0.2703125 0.009375 0.0078125
1 0.54296875 0.20859375 0.009375 0.009375
1 0.54140625 0.2390625 0.009375 0.009375
1 0.3828125 0.2828125 0.009375 0.0078125
1 0.375 0.26875 0.0078125 0.0046875
1 0.71953125 0.08046875 0.0171875 0.0125
1 0.6671875 0.0703125 0.021875 0.01875
1 0.61171875 0.075 0.0234375 0.015625
1 0.5953125 0.08984375 0.015625 0.0109375
1 0.53359375 0.1140625 0.0109375 0.009375
1 0.5359375 0.0875 0.0125 0.0125
1 0.58203125 0.103125 0.0109375 0.0125
1 0.6015625 0.15390625 0.0125 0.009375
1 0.55625 0.15859375 0.0140625 0.0078125
1 0.59375 0.17734375 0.0125 0.009375
1 0.63203125 0.190625 0.015625 0.0125
1 0.64765625 0.17265625 0.009375 0.009375
1 0.6859375 0.1703125 0.0109375 0.009375
1 0.77734375 0.13203125 0.0546875 0.0234375
1 0.621875 0.08515625 0.0125 0.009375
1 0.6484375 0.09296875 0.0328125 0.028125
1 0.634375 0.109375 0.028125 0.0109375
1 0.6546875 0.13359375 0.015625 0.009375
1 0.62421875 0.17265625 0.040625 0.028125
2 0.203125 0.59765625 0.0640625 0.0421875
2 0.1453125 0.9828125 0.046875 0.034375
2 0.28984375 0.88515625 0.0203125 0.0328125
0 0.11015625 0.771875 0.2203125 0.04375
0 0.43828125 0.75078125 0.05 0.0421875
