2 0.1859375 0.61328125 0.090625 0.0515625
1 0.5375 0.2234375 0.1578125 0.1625
1 0.214844 0.977645 0.429688 0.044710
1 0.88671875 0.72421875 0.0109375 0.0078125
1 0.92734375 0.70859375 0.0109375 0.0078125
1 0.92734375 0.73046875 0.009375 0.00625
1 0.90078125 0.7265625 0.0078125 0.00625
1 0.91328125 0.70078125 0.009375 0.00625
1 0.9578125 0.74921875 0.0078125 0.0046875
1 0.90078125 0.74140625 0.009375 0.00625
1 0.85078125 0.753125 0.015625 0.0078125
1 0.89453125 0.7640625 0.009375 0.0046875
1 0.87109375 0.7546875 0.0078125 0.00625
1 0.76875 0.69453125 0.0078125 0.0078125
1 0.76953125 0.7234375 0.0078125 0.0078125
1 0.9203125 0.7671875 0.0078125 0.00625
1 0.928125 0.75390625 0.00625 0.0046875
1 0.71171875 0.6421875 0.0109375 0.00625
1 0.75546875 0.64609375 0.0125 0.00625
1 0.72109375 0.6640625 0.0109375 0.0078125
1 0.68359375 0.67578125 0.0140625 0.0109375
1 0.66875 0.659375 0.0078125 0.0078125
1 0.63203125 0.65625 0.009375 0.0078125
1 0.690625 0.65859375 0.0390625 0.025
