2 0.17109375 0.47890625 0.021875 0.015625
2 0.20390625 0.42265625 0.025 0.01875
2 0.23984375 0.378125 0.0203125 0.015625
2 0.2734375 0.33515625 0.01875 0.0171875
2 0.00859375 0.20859375 0.0171875 0.0203125
2 0.04921875 0.18984375 0.025 0.0203125
2 0.090625 0.17421875 0.0203125 0.021875
2 0.11875 0.15859375 0.0203125 0.01875
2 0.15859375 0.14140625 0.0171875 0.0203125
2 0.190625 0.121875 0.015625 0.01875
0 0.94921875 0.2703125 0.1015625 0.4375
0 0.0875 0.953125 0.071875 0.09375
0 0.93671875 0.7625 0.1265625 0.475
