2 0.03046875 0.01015625 0.021875 0.0203125
2 0.096875 0.01953125 0.0265625 0.0171875
2 0.17265625 0.03046875 0.0265625 0.015625
2 0.25390625 0.03984375 0.021875 0.0171875
2 0.05234375 0.1125 0.0234375 0.0171875
2 0.01171875 0.1296875 0.0140625 0.0140625
2 0.11171875 0.13515625 0.0171875 0.015625
2 0.034375 0.16953125 0.0125 0.0125
2 0.075 0.240625 0.0140625 0.009375
2 0.10703125 0.2734375 0.0140625 0.015625
2 0.2140625 0.32421875 0.0140625 0.0140625
2 0.16171875 0.2984375 0.0171875 0.0140625
2 0.28828125 0.18828125 0.021875 0.015625
2 0.3875 0.2109375 0.025 0.021875
2 0.51640625 0.15625 0.0046875 0.0125
0 0.46640625 0.1828125 0.01875 0.021875
2 0.38984375 0.3984375 0.025 0.021875
2 0.628125 0.215625 0.21875 0.228125
