2 0.53203125 0.1296875 0.0203125 0.0171875
2 0.16796875 0.253125 0.021875 0.0171875
2 0.11875 0.19453125 0.021875 0.01875
2 0.3078125 0.09375 0.01875 0.015625
0 0.45234375 0.3203125 0.075 0.0265625
0 0.359375 0.16875 0.1109375 0.1078125
0 0.2546875 0.071875 0.0765625 0.05
0 0.5953125 0.15 0.09375 0.071875
2 0.69921875 0.31328125 0.01875 0.0109375
2 0.66875 0.39765625 0.0234375 0.021875
2 0.85390625 0.41875 0.0265625 0.01875
0 0.70546875 0.46015625 0.090625 0.09375
0 0.8984375 0.44140625 0.053125 0.0484375
0 0.96328125 0.48515625 0.0734375 0.0828125
0 0.7796875 0.590625 0.0609375 0.03125
0 0.3921875 0.70546875 0.271875 0.1515625
0 0.883094 0.656096 0.036648 0.052817
0 0.887786 0.875213 0.105692 0.187834
0 0.769778 0.901943 0.153436 0.113275
