2 0.42734375 0.04453125 0.025 0.0140625
2 0.35078125 0.04609375 0.0203125 0.015625
2 0.47421875 0.1484375 0.0171875 0.0140625
2 0.465625 0.27890625 0.0140625 0.0125
2 0.35859375 0.31875 0.0140625 0.0125
2 0.4109375 0.2984375 0.0171875 0.0125
2 0.30234375 0.184375 0.0203125 0.0140625
2 0.20703125 0.19765625 0.0234375 0.0203125
2 0.08359375 0.1359375 0.01875 0.0125
0 0.13515625 0.16484375 0.0171875 0.0203125
2 0.0125 0.38046875 0.0234375 0.0203125
2 0.18671875 0.37421875 0.0234375 0.0203125
0 0.07734375 0.675 0.1546875 0.259375
1 0.84140625 0.63671875 0.196875 0.2109375
