0 0.2140625 0.33125 0.05625 0.0515625
1 0.90234375 0.31875 0.1953125 0.38125
0 0.8796875 0.4703125 0.05625 0.078125
2 0.60703125 0.6796875 0.0234375 0.015625
2 0.41484375 0.72578125 0.021875 0.01875
2 0.20703125 0.82578125 0.025 0.01875
2 0.1625 0.94140625 0.025 0.021875
2 0.3 0.98046875 0.021875 0.0171875
2 0.51328125 0.925 0.0359375 0.015625
0 0.47734375 0.859375 0.0703125 0.025
0 0.35625 0.73203125 0.075 0.0375
0 0.5703125 0.75078125 0.096875 0.0890625
0 0.1453125 0.84765625 0.065625 0.090625
0 0.2453125 0.77421875 0.134375 0.0671875
