2 0.1375 0.39453125 0.025 0.0171875
2 0.0375 0.2765625 0.021875 0.01875
2 0.1125 0.27734375 0.025 0.01875
2 0.178125 0.27890625 0.028125 0.015625
2 0.225 0.28046875 0.0203125 0.01875
0 0.09765625 0.24921875 0.1953125 0.0328125
2 0.30546875 0.2859375 0.01875 0.015625
2 0.47265625 0.29296875 0.0234375 0.015625
2 0.7140625 0.26875 0.090625 0.090625
0 0.86015625 0.428125 0.2765625 0.0625
0 0.5828125 0.190625 0.10625 0.16875
2 0.409375 0.846875 0.1265625 0.1203125
0 0.89140625 0.69453125 0.2171875 0.1984375
