2 0.3703125 0.38359375 0.03125 0.0171875
2 0.28046875 0.35390625 0.0359375 0.0203125
2 0.3796875 0.2015625 0.021875 0.015625
2 0.19375 0.2203125 0.0265625 0.021875
2 0.096875 0.47890625 0.03125 0.0234375
2 0.33671875 0.49921875 0.021875 0.021875
2 0.390625 0.5015625 0.01875 0.01875
0 0.24140625 0.2859375 0.0484375 0.028125
0 0.31953125 0.23515625 0.05625 0.01875
0 0.11796875 0.2125 0.103125 0.03125
0 0.01796875 0.253125 0.0359375 0.040625
2 0.76875 0.3109375 0.178125 0.184375
0 0.03828125 0.87734375 0.0765625 0.1609375
2 0.19765625 0.7921875 0.0703125 0.0515625
2 0.021875 0.8890625 0.04375 0.04375
1 0.83515625 0.7609375 0.2234375 0.184375
2 0.4328125 0.92734375 0.065625 0.1046875
