0 0.434375 0.5453125 0.0328125 0.0296875
2 0.4375 0.58515625 0.0328125 0.015625
2 0.54609375 0.36171875 0.0078125 0.0109375
2 0.490625 0.32421875 0.0078125 0.0078125
2 0.44375 0.35078125 0.0125 0.0140625
2 0.3359375 0.41875 0.0140625 0.0109375
2 0.20859375 0.52265625 0.015625 0.0140625
2 0.13828125 0.61640625 0.0171875 0.0140625
0 0.51875 0.40078125 0.0578125 0.0265625
0 0.46875 0.44765625 0.0578125 0.059375
0 0.29453125 0.428125 0.06875 0.0390625
0 0.51328125 0.3 0.04375 0.0296875
0 0.1515625 0.57109375 0.06875 0.08125
0 0.23671875 0.484375 0.0640625 0.1109375
0 0.84921875 0.521875 0.3015625 0.125
