2 0.2515625 0.665625 0.0140625 0.0109375
2 0.228125 0.7140625 0.01875 0.0125
2 0.115625 0.5125 0.015625 0.0125
2 0.05703125 0.5546875 0.015625 0.015625
2 0.0953125 0.625 0.0203125 0.009375
2 0.17734375 0.53984375 0.0234375 0.0109375
0 0.0203125 0.82734375 0.040625 0.0234375
2 0.9734375 0.5046875 0.0171875 0.0140625
2 0.9828125 0.54375 0.0203125 0.0125
2 0.85078125 0.4875 0.0234375 0.0125
2 0.75703125 0.50390625 0.0203125 0.0125
2 0.66484375 0.51875 0.0265625 0.015625
0 0.06015625 0.69375 0.078125 0.096875
0 0.20703125 0.425 0.1390625 0.0921875
0 0.12421875 0.46796875 0.1 0.0703125
