2 0.0125 0.59140625 0.025 0.0890625
0 0.87265625 0.54453125 0.14375 0.078125
0 0.75 0.23828125 0.5 0.4328125
2 0.50625 0.89296875 0.0125 0.0140625
2 0.5546875 0.871875 0.01875 0.0140625
2 0.60859375 0.84453125 0.0296875 0.0125
2 0.66484375 0.81484375 0.0265625 0.0171875
2 0.565625 0.9421875 0.021875 0.009375
2 0.6203125 0.93359375 0.0234375 0.0125
2 0.675 0.9265625 0.0296875 0.0140625
2 0.83203125 0.890625 0.03125 0.0171875
2 0.9203125 0.8609375 0.0359375 0.0203125
2 0.85859375 0.99609375 0.0234375 0.0078125
2 0.6125 0.95859375 0.0265625 0.0140625
0 0.9625 0.79453125 0.0484375 0.028125
0 0.88828125 0.74453125 0.0546875 0.01875
