1 0.175 0.14453125 0.26875 0.2890625
1 0.13828125 0.68125 0.175 0.0984375
1 0.17890625 0.58828125 0.0796875 0.0875
2 0.928125 0.32734375 0.01875 0.0140625
2 0.8703125 0.62109375 0.0375 0.0234375
2 0.57421875 0.584375 0.0140625 0.015625
2 0.49765625 0.57265625 0.0171875 0.0140625
2 0.328125 0.42109375 0.0171875 0.0171875
2 0.4546875 0.38828125 0.0296875 0.0140625
2 0.6953125 0.39609375 0.040625 0.0203125
2 0.8296875 0.3921875 0.040625 0.0234375
0 0.9046875 0.3375 0.028125 0.0125
0 0.98125 0.340625 0.0375 0.0375
