2 0.0140625 0.2578125 0.01875 0.0078125
2 0.05703125 0.2375 0.0140625 0.009375
2 0.10078125 0.2140625 0.0109375 0.0078125
2 0.14453125 0.1921875 0.0125 0.009375
2 0.209375 0.16015625 0.0125 0.0125
2 0.240625 0.14453125 0.0140625 0.0109375
2 0.334375 0.10234375 0.0109375 0.009375
2 0.36171875 0.08828125 0.0125 0.0078125
2 0.3875 0.0765625 0.0125 0.0078125
2 0.41484375 0.06484375 0.0140625 0.0109375
2 0.48203125 0.03359375 0.0109375 0.0078125
2 0.50859375 0.02421875 0.0109375 0.0078125
2 0.55546875 0.003125 0.0109375 0.00625
2 0.2921875 0.1796875 0.0125 0.009375
2 0.5015625 0.31640625 0.0125 0.0078125
2 0.5234375 0.29296875 0.0125 0.00625
2 0.5984375 0.2046875 0.0125 0.009375
2 0.659375 0.14375 0.0125 0.009375
0 0.2765625 0.1109375 0.071875 0.0671875
0 0.97421875 0.1359375 0.0515625 0.05625
2 0.76640625 0.9125 0.015625 0.0125
2 0.7125 0.825 0.0171875 0.0078125
2 0.8046875 0.83984375 0.01875 0.0109375
