1 0.16328125 0.30546875 0.0125 0.009375
1 0.12109375 0.290625 0.0125 0.009375
1 0.11875 0.3140625 0.0109375 0.0078125
1 0.1484375 0.309375 0.0078125 0.00625
1 0.1375 0.28125 0.0109375 0.0078125
1 0.0859375 0.33515625 0.0078125 0.0046875
1 0.14765625 0.32421875 0.0109375 0.0078125
1 0.20078125 0.334375 0.0171875 0.009375
1 0.15234375 0.3484375 0.0109375 0.00625
1 0.178125 0.33671875 0.009375 0.0078125
1 0.29375 0.2671875 0.009375 0.009375
1 0.28984375 0.2984375 0.009375 0.009375
1 0.1234375 0.353125 0.009375 0.0078125
1 0.11640625 0.3390625 0.0078125 0.0046875
1 0.01640625 0.35546875 0.0109375 0.009375
1 0.2921875 0.17109375 0.0109375 0.009375
1 0.29453125 0.1421875 0.0109375 0.0125
1 0.791023 0.555648 0.041990 0.046480
1 0.641238 0.304664 0.032125 0.036485
1 0.582926 0.386317 0.030168 0.039255
1 0.658146 0.434563 0.025579 0.031241
1 0.885929 0.712149 0.031177 0.040522
1 0.304987 0.441637 0.009973 0.030012
1 0.351762 0.337816 0.019110 0.033387
1 0.329480 0.283710 0.021035 0.028451
2 0.74140625 0.9421875 0.0234375 0.0140625
2 0.59296875 0.95859375 0.0234375 0.0140625
2 0.31953125 0.990625 0.0265625 0.01875
