0 0.03671875 0.2125 0.0734375 0.19375
2 0.34453125 0.03359375 0.0375 0.0296875
0 0.375 0.334375 0.071875 0.03125
0 0.57109375 0.13515625 0.1359375 0.1328125
0 0.23515625 0.0546875 0.1546875 0.0796875
2 0.05234375 0.56484375 0.03125 0.0203125
2 0.2421875 0.5109375 0.025 0.0171875
2 0.31015625 0.49296875 0.0265625 0.0203125
2 0.43984375 0.46015625 0.021875 0.015625
2 0.5046875 0.44375 0.021875 0.015625
2 0.5578125 0.425 0.025 0.0203125
2 0.37109375 0.91875 0.0265625 0.0140625
2 0.63203125 0.7328125 0.0140625 0.0125
1 0.71953125 0.4640625 0.1609375 0.18125
