1 0.078125 0.07265625 0.15625 0.1421875
2 0.93203125 0.153125 0.0859375 0.0953125
2 0.67734375 0.121875 0.0921875 0.0890625
2 0.4125 0.09375 0.065625 0.1
2 0.4703125 0.4875 0.0203125 0.015625
2 0.528125 0.80390625 0.0390625 0.0265625
2 0.8484375 0.76328125 0.015625 0.0171875
2 0.93046875 0.75 0.01875 0.015625
2 0.9796875 0.55 0.0328125 0.015625
2 0.71953125 0.5609375 0.04375 0.0234375
2 0.575 0.55703125 0.04375 0.0265625
0 0.49453125 0.49765625 0.03125 0.0140625
0 0.40546875 0.503125 0.0515625 0.040625
