1 0.16953125 0.06796875 0.0171875 0.0125
1 0.115625 0.0625 0.021875 0.0203125
1 0.059375 0.071875 0.0234375 0.0171875
1 0.04296875 0.0890625 0.015625 0.0109375
1 0.0296875 0.10390625 0.0109375 0.0125
1 0.05 0.153125 0.0125 0.009375
1 0.00546875 0.16015625 0.0109375 0.0078125
1 0.04140625 0.178125 0.0125 0.009375
1 0.08125 0.18828125 0.015625 0.0125
1 0.09765625 0.16875 0.009375 0.009375
1 0.13671875 0.16328125 0.0109375 0.009375
1 0.2296875 0.1171875 0.05625 0.025
1 0.0703125 0.08125 0.0125 0.009375
1 0.096875 0.08828125 0.0328125 0.03125
1 0.08359375 0.1046875 0.028125 0.0109375
1 0.10390625 0.128125 0.015625 0.009375
1 0.0734375 0.1703125 0.0421875 0.0296875
1 0.65625 0.1640625 0.075 0.16875
0 0.778310 0.642816 0.091411 0.320836
