0 0.35234375 0.04296875 0.0625 0.0640625
2 0.84765625 0.2078125 0.021875 0.0140625
2 0.79921875 0.18984375 0.0171875 0.0125
2 0.9640625 0.16953125 0.0296875 0.015625
2 0.74921875 0.16953125 0.028125 0.0125
2 0.696875 0.1453125 0.025 0.015625
2 0.78671875 0.2578125 0.021875 0.009375
2 0.73515625 0.25390625 0.0234375 0.0125
2 0.68359375 0.2515625 0.028125 0.0140625
2 0.53671875 0.2296875 0.0296875 0.015625
2 0.6078125 0.05546875 0.0171875 0.0078125
2 0.54453125 0.06015625 0.0203125 0.015625
2 0.50625 0.33828125 0.021875 0.0203125
2 0.5609375 0.33671875 0.025 0.0171875
2 0.7421875 0.2765625 0.025 0.0140625
0 0.496875 0.0953125 0.034375 0.01875
2 0.06171875 0.8953125 0.021875 0.0109375
2 0.1484375 0.87265625 0.0203125 0.009375
1 0.8015625 0.6984375 0.225 0.2671875
