2 0.1890625 0.49140625 0.0203125 0.0171875
2 0.36875 0.32890625 0.0234375 0.01875
2 0.60625 0.28984375 0.021875 0.0171875
2 0.56953125 0.18203125 0.021875 0.0140625
2 0.65546875 0.1234375 0.021875 0.01875
0 0.47421875 0.534375 0.08125 0.028125
0 0.5578125 0.37109375 0.1203125 0.115625
0 0.66171875 0.2671875 0.084375 0.053125
0 0.64375 0.0984375 0.15 0.10625
0 0.30234375 0.35078125 0.1015625 0.078125
0 0.13671875 0.5203125 0.0578125 0.0890625
2 0.728125 0.5671875 0.01875 0.0125
1 0.413385 0.728826 0.098006 0.187645
