2 0.57265625 0.453125 0.009375 0.0078125
2 0.5640625 0.4296875 0.009375 0.00625
2 0.55234375 0.40546875 0.0109375 0.0078125
2 0.54140625 0.3875 0.0125 0.00625
2 0.53046875 0.3671875 0.009375 0.00625
2 0.51796875 0.35 0.0109375 0.00625
2 0.5109375 0.3390625 0.0078125 0.00625
2 0.49921875 0.31953125 0.0078125 0.00625
2 0.4859375 0.30390625 0.00625 0.00625
2 0.4734375 0.28984375 0.00625 0.0078125
2 0.56875 0.23828125 0.00625 0.00625
2 0.55390625 0.2328125 0.009375 0.0078125
2 0.53984375 0.228125 0.0078125 0.0078125
2 0.5296875 0.22265625 0.00625 0.0046875
2 0.51640625 0.21796875 0.0078125 0.0078125
2 0.50390625 0.21171875 0.0046875 0.00625
1 0.67265625 0.33515625 0.1859375 0.3265625
1 0.888299 0.898111 0.223402 0.203777
