0 0.29453125 0.15546875 0.0609375 0.0765625
0 0.33125 0.07734375 0.18125 0.1546875
0 0.85625 0.20234375 0.065625 0.0640625
0 0.834375 0.0859375 0.24375 0.1296875
1 0.2296875 0.678125 0.459375 0.4375
0 0.4484375 0.66328125 0.021875 0.1015625
2 0.84375 0.996875 0.01875 0.00625
2 0.80234375 0.89921875 0.0125 0.0109375
2 0.56953125 0.93046875 0.0140625 0.0125
2 0.81875 0.84375 0.0125 0.0046875
2 0.74140625 0.83984375 0.0140625 0.0046875
2 0.66640625 0.83125 0.009375 0.0046875
2 0.5515625 0.74765625 0.0109375 0.00625
2 0.4890625 0.6296875 0.009375 0.00625
