1 0.1875 0.14296875 0.375 0.2859375
0 0.4171875 0.11640625 0.225 0.1453125
0 0.046875 0.38671875 0.09375 0.2296875
2 0.9421875 0.11328125 0.0109375 0.009375
2 0.91484375 0.09921875 0.0140625 0.009375
2 0.890625 0.0875 0.0140625 0.0078125
2 0.86171875 0.07578125 0.0140625 0.0109375
2 0.796875 0.04453125 0.0109375 0.009375
2 0.7703125 0.03515625 0.0109375 0.0078125
2 0.72265625 0.01328125 0.0109375 0.009375
2 0.69765625 0.0046875 0.0109375 0.009375
2 0.97890625 0.19140625 0.0125 0.009375
2 0.75625 0.33359375 0.0125 0.0078125
2 0.7359375 0.309375 0.0140625 0.0078125
2 0.66484375 0.22109375 0.0140625 0.009375
2 0.6078125 0.15859375 0.0125 0.009375
0 0.98203125 0.1203125 0.0359375 0.06875
