0 0.8859375 0.36171875 0.140625 0.1546875
0 0.6703125 0.2359375 0.1078125 0.0609375
0 0.48046875 0.025 0.0421875 0.05
2 0.49296875 0.80546875 0.0171875 0.0140625
2 0.5625 0.82734375 0.0171875 0.0125
2 0.625 0.84453125 0.0171875 0.0109375
2 0.6796875 0.859375 0.01875 0.0140625
2 0.7828125 0.81484375 0.0203125 0.0140625
2 0.66875 0.90859375 0.0171875 0.0109375
2 0.60234375 0.909375 0.0203125 0.009375
2 0.6234375 0.93046875 0.0171875 0.0125
2 0.5765625 0.95234375 0.01875 0.0109375
2 0.53984375 0.91015625 0.0234375 0.009375
