0 0.028125 0.4625 0.05625 0.20625
2 0.44921875 0.1703125 0.0125 0.009375
2 0.46796875 0.209375 0.0109375 0.0078125
2 0.58046875 0.275 0.009375 0.0078125
2 0.603125 0.17265625 0.009375 0.009375
2 0.6640625 0.29375 0.0109375 0.0078125
2 0.8265625 0.31328125 0.0109375 0.00625
2 0.84765625 0.20859375 0.0109375 0.0078125
1 0.2 0.9578125 0.4 0.084375
2 0.65703125 0.99140625 0.0125 0.009375
2 0.66796875 0.96640625 0.009375 0.009375
2 0.6828125 0.93046875 0.009375 0.009375
2 0.69296875 0.9046875 0.009375 0.0078125
2 0.7015625 0.88203125 0.009375 0.00625
2 0.7125 0.8578125 0.0109375 0.0078125
2 0.7234375 0.8390625 0.0125 0.0078125
2 0.73359375 0.81875 0.009375 0.00625
2 0.746875 0.80234375 0.0109375 0.00625
2 0.75390625 0.78984375 0.0078125 0.00625
2 0.76484375 0.771875 0.009375 0.0078125
2 0.77734375 0.75546875 0.0078125 0.00625
2 0.78984375 0.74140625 0.0078125 0.0078125
2 0.4234375 0.8109375 0.0109375 0.0140625
2 0.4546875 0.796875 0.0109375 0.0109375
2 0.51171875 0.7703125 0.0109375 0.009375
2 0.53828125 0.76015625 0.009375 0.00625
2 0.60234375 0.7296875 0.0078125 0.0109375
2 0.64453125 0.71015625 0.009375 0.009375
2 0.6609375 0.70234375 0.009375 0.0078125
2 0.6765625 0.696875 0.0078125 0.0078125
2 0.69296875 0.68828125 0.0078125 0.0078125
2 0.70703125 0.6828125 0.0078125 0.00625
