1 0.0328125 0.275 0.065625 0.184375
2 0.50546875 0.3421875 0.0921875 0.2125
2 0.3734375 0.83984375 0.0171875 0.0140625
2 0.30234375 0.8640625 0.0171875 0.0125
2 0.23828125 0.8828125 0.0171875 0.0109375
2 0.18203125 0.89921875 0.01875 0.0140625
2 0.0765625 0.8578125 0.0203125 0.0140625
2 0.19453125 0.95 0.0171875 0.0109375
2 0.2625 0.94921875 0.0203125 0.009375
2 0.24140625 0.9703125 0.0171875 0.0125
2 0.2890625 0.9921875 0.01875 0.0109375
2 0.3265625 0.9484375 0.025 0.009375
0 0.69921875 0.61328125 0.3109375 0.3078125
