2 0.1859375 0.27421875 0.184375 0.1953125
1 0.16171875 0.5546875 0.3234375 0.290625
0 0.1109375 0.65390625 0.121875 0.0984375
2 0.92890625 0.60546875 0.0296875 0.015625
2 0.84140625 0.5828125 0.0359375 0.01875
2 0.99140625 0.42421875 0.0171875 0.0078125
2 0.9265625 0.4296875 0.0203125 0.015625
2 0.75078125 0.46171875 0.0265625 0.021875
2 0.565625 0.5453125 0.0125 0.021875
2 0.6734375 0.7171875 0.03125 0.0234375
2 0.90390625 0.71875 0.0234375 0.021875
2 0.96015625 0.7171875 0.025 0.0171875
0 0.79921875 0.5203125 0.0484375 0.0265625
0 0.87109375 0.4671875 0.053125 0.01875
0 0.6765625 0.459375 0.0984375 0.03125
0 0.58046875 0.50703125 0.0421875 0.0390625
