2 0.21796875 0.47734375 0.0078125 0.0046875
2 0.40078125 0.47421875 0.0078125 0.0109375
2 0.359375 0.4546875 0.0078125 0.0078125
2 0.34375 0.44609375 0.0078125 0.00625
2 0.328125 0.43984375 0.0078125 0.0078125
2 0.31171875 0.43125 0.0078125 0.0078125
2 0.296875 0.425 0.009375 0.00625
2 0.2828125 0.41953125 0.00625 0.0078125
2 0.2734375 0.41484375 0.0078125 0.00625
2 0.259375 0.40859375 0.0078125 0.0078125
2 0.24765625 0.403125 0.0046875 0.00625
1 0.1796875 0.79921875 0.1640625 0.2609375
0 0.86484375 0.6171875 0.2703125 0.23125
