1 0.83125 0.12578125 0.0125 0.009375
1 0.87421875 0.11015625 0.0109375 0.009375
1 0.875 0.13515625 0.0109375 0.0078125
1 0.8453125 0.1296875 0.009375 0.0078125
1 0.85859375 0.1015625 0.0109375 0.0078125
1 0.9078125 0.15703125 0.009375 0.00625
1 0.8453125 0.14453125 0.0109375 0.0078125
1 0.79140625 0.1546875 0.0171875 0.009375
1 0.83984375 0.16953125 0.0109375 0.00625
1 0.8140625 0.15703125 0.009375 0.0078125
1 0.7015625 0.0859375 0.009375 0.009375
1 0.703125 0.11875 0.009375 0.009375
1 0.86796875 0.17421875 0.009375 0.0078125
1 0.87578125 0.16015625 0.0078125 0.00625
1 0.975 0.178125 0.0109375 0.009375
1 0.6390625 0.0265625 0.0125 0.009375
1 0.68671875 0.03359375 0.0140625 0.0078125
1 0.64921875 0.05078125 0.0125 0.009375
1 0.609375 0.0625 0.015625 0.0125
1 0.5921875 0.04296875 0.009375 0.009375
1 0.55234375 0.0375 0.0109375 0.009375
1 0.584375 0.003125 0.015625 0.00625
1 0.61640625 0.04375 0.0421875 0.0296875
1 0.2125 0.59765625 0.096875 0.0578125
1 0.39765625 0.5921875 0.0828125 0.046875
1 0.68359375 0.6171875 0.1890625 0.096875
