2 0.29609375 0.0625 0.0234375 0.0140625
2 0.21484375 0.0765625 0.025 0.0140625
2 0.00703125 0.12890625 0.0140625 0.0140625
2 0.0625 0.32421875 0.0359375 0.015625
2 0.103125 0.3375 0.025 0.0140625
2 0.29765625 0.1890625 0.025 0.0140625
2 0.34609375 0.15625 0.021875 0.009375
2 0.49140625 0.35078125 0.0203125 0.0140625
2 0.44296875 0.3421875 0.01875 0.009375
2 0.38828125 0.32890625 0.025 0.009375
2 0.32734375 0.3140625 0.0265625 0.0078125
0 0.0234375 0.271875 0.046875 0.025
0 0.1578125 0.16640625 0.11875 0.0671875
0 0.26796875 0.12265625 0.053125 0.0234375
0 0.0125 0.1203125 0.025 0.053125
2 0.4234375 0.8921875 0.1359375 0.1296875
2 0.89375 0.8578125 0.2015625 0.2109375
