1 0.2875 0.184375 0.1859375 0.1515625
1 0.3078125 0.0828125 0.1078125 0.1109375
1 0.45234375 0.59609375 0.0953125 0.09375
2 0.965625 0.57265625 0.021875 0.0203125
2 0.73046875 0.5359375 0.0265625 0.0203125
2 0.678125 0.39453125 0.021875 0.0203125
2 0.7609375 0.4453125 0.0296875 0.0203125
0 0.78515625 0.61015625 0.1109375 0.1015625
0 0.68984375 0.5078125 0.0609375 0.03125
0 0.98671875 0.59453125 0.0265625 0.0640625
0 0.6671875 0.3515625 0.015625 0.04375
1 0.393411 0.739877 0.205261 0.142254
0 0.885071 0.921668 0.091379 0.156665
