1 0.02890625 0.090625 0.0578125 0.18125
2 0.53515625 0.79296875 0.0171875 0.0109375
2 0.4796875 0.80703125 0.01875 0.0140625
2 0.37734375 0.7609375 0.0203125 0.0140625
2 0.48828125 0.85703125 0.0171875 0.0109375
2 0.55546875 0.85859375 0.0203125 0.009375
2 0.5328125 0.8796875 0.0171875 0.0125
2 0.575 0.90234375 0.009375 0.0109375
2 0.82734375 0.6765625 0.0234375 0.0140625
2 0.91015625 0.69765625 0.0265625 0.0140625
2 0.82421875 0.8046875 0.0265625 0.0140625
2 0.775 0.76640625 0.021875 0.009375
2 0.6234375 0.94921875 0.0203125 0.0140625
2 0.67265625 0.94609375 0.01875 0.009375
2 0.72890625 0.93828125 0.0265625 0.009375
2 0.790625 0.92890625 0.028125 0.009375
0 0.95234375 0.79453125 0.0953125 0.0703125
0 0.85546875 0.73984375 0.0546875 0.0234375
