2 0.759375 0.4984375 0.0203125 0.0125
2 0.7125 0.4796875 0.0171875 0.0125
2 0.98515625 0.43046875 0.025 0.0140625
2 0.8734375 0.465625 0.028125 0.0140625
2 0.66328125 0.45703125 0.0265625 0.0109375
2 0.61171875 0.43203125 0.0234375 0.0140625
2 0.70078125 0.5453125 0.0203125 0.0078125
2 0.65 0.53984375 0.021875 0.0109375
2 0.6 0.53515625 0.0265625 0.0125
2 0.45546875 0.5078125 0.028125 0.0140625
2 0.375 0.48359375 0.0328125 0.0171875
2 0.5234375 0.340625 0.0171875 0.0078125
2 0.46171875 0.34296875 0.01875 0.0140625
2 0.29453125 0.365625 0.0234375 0.01875
2 0.10625 0.43671875 0.0328125 0.01875
2 0.0671875 0.55078125 0.0359375 0.021875
2 0.2109375 0.603125 0.028125 0.0203125
2 0.42734375 0.61328125 0.0203125 0.01875
2 0.48046875 0.6140625 0.0234375 0.015625
2 0.65703125 0.56171875 0.0234375 0.0125
0 0.33828125 0.4234375 0.04375 0.0234375
0 0.4078125 0.37578125 0.05 0.015625
0 0.22578125 0.36171875 0.0921875 0.025
0 0.04453125 0.46328125 0.059375 0.090625
0 0.11953125 0.40234375 0.0671875 0.034375
