1 0.65625 0.18046875 0.0171875 0.0078125
1 0.6765625 0.18125 0.00625 0.00625
1 0.571875 0.1171875 0.009375 0.009375
1 0.57265625 0.14765625 0.009375 0.0078125
1 0.58359375 0.02421875 0.0109375 0.009375
1 0.58125 0.0015625 0.0125 0.003125
1 0.53671875 0.01171875 0.0109375 0.0125
1 0.51484375 0.0609375 0.0125 0.009375
1 0.56015625 0.0671875 0.0140625 0.00625
1 0.5234375 0.084375 0.0125 0.009375
1 0.484375 0.09609375 0.015625 0.0125
1 0.46875 0.078125 0.009375 0.009375
1 0.43125 0.0734375 0.009375 0.0078125
1 0.340625 0.0328125 0.05625 0.021875
1 0.46953125 0.00625 0.0328125 0.0125
1 0.48359375 0.01484375 0.028125 0.0109375
1 0.4640625 0.0390625 0.015625 0.009375
1 0.4921875 0.078125 0.040625 0.0265625
0 0.59375 0.621875 0.171875 0.44375
0 0.8015625 0.4609375 0.24375 0.1125
