2 0.01171875 0.53125 0.009375 0.009375
2 0.07890625 0.55859375 0.015625 0.009375
2 0.15703125 0.68515625 0.0140625 0.009375
2 0.1359375 0.73671875 0.0125 0.0125
2 0.57109375 0.52265625 0.015625 0.0109375
2 0.659375 0.50546875 0.015625 0.009375
2 0.7484375 0.4875 0.0171875 0.009375
2 0.9765625 0.44140625 0.0109375 0.00625
2 0.86640625 0.50078125 0.0140625 0.0078125
2 0.87421875 0.53671875 0.0171875 0.009375
0 0.034375 0.628125 0.05625 0.0359375
0 0.0390625 0.49453125 0.0609375 0.053125
0 0.1046875 0.44375 0.078125 0.0546875
