2 0.28125 0.359375 0.0171875 0.0109375
2 0.23984375 0.42109375 0.01875 0.0125
0 0.22734375 0.371875 0.059375 0.084375
0 0.30078125 0.32734375 0.078125 0.05
0 0.76875 0.46171875 0.25 0.0953125
0 0.453125 0.4671875 0.128125 0.084375
0 0.346875 0.9375 0.0625 0.0359375
2 0.89296875 0.6828125 0.034375 0.025
2 0.746875 0.7171875 0.0375 0.0203125
2 0.609375 0.753125 0.0328125 0.015625
2 0.4765625 0.7859375 0.028125 0.01875
2 0.415625 0.746875 0.03125 0.0140625
2 0.45625 0.88515625 0.025 0.0125
2 0.403125 0.90390625 0.01875 0.015625
