2 0.2328125 0.0453125 0.05 0.034375
0 0.096875 0.14453125 0.19375 0.2203125
0 0.2984375 0.021875 0.303125 0.04375
0 0.5671875 0.28984375 0.228125 0.1390625
2 0.32734375 0.74453125 0.034375 0.0171875
2 0.1921875 0.78046875 0.0296875 0.01875
2 0.1296875 0.7421875 0.0328125 0.015625
2 0.05859375 0.69765625 0.03125 0.0203125
2 0.0203125 0.83828125 0.0234375 0.0140625
2 0.16953125 0.8828125 0.025 0.0140625
2 0.115625 0.9015625 0.01875 0.015625
2 0.059375 0.921875 0.0203125 0.0109375
0 0.8765625 0.82421875 0.2203125 0.2375
