0 0.3078125 0.29375 0.603125 0.059375
0 0.57265625 0.41875 0.0546875 0.0765625
2 0.8953125 0.1828125 0.115625 0.075
0 0.40390625 0.77890625 0.2484375 0.1109375
2 0.771875 0.996875 0.021875 0.00625
2 0.803125 0.9484375 0.0234375 0.0171875
2 0.8359375 0.90703125 0.0203125 0.0140625
2 0.86875 0.8671875 0.0171875 0.015625
2 0.6421875 0.709375 0.0234375 0.01875
2 0.68203125 0.69609375 0.0203125 0.0203125
2 0.70859375 0.68359375 0.01875 0.0171875
2 0.746875 0.66875 0.0171875 0.01875
2 0.77734375 0.6515625 0.0140625 0.0171875
