0 0.4078125 0.409375 0.1046875 0.0921875
0 0.6203125 0.0296875 0.2375 0.059375
2 0.86484375 0.421875 0.2328125 0.19375
1 0.0640625 0.85234375 0.0125 0.009375
1 0.025 0.83515625 0.0109375 0.0078125
1 0.0234375 0.85703125 0.009375 0.00625
1 0.05078125 0.8546875 0.0078125 0.00625
1 0.040625 0.828125 0.009375 0.00625
1 0.05 0.86875 0.009375 0.00625
1 0.09921875 0.88203125 0.015625 0.0078125
1 0.0546875 0.89140625 0.009375 0.0046875
1 0.07890625 0.88203125 0.0078125 0.00625
1 0.184375 0.8265625 0.0078125 0.0078125
1 0.18203125 0.85546875 0.0078125 0.0078125
1 0.02890625 0.89375 0.0078125 0.00625
1 0.021875 0.8796875 0.00625 0.0046875
1 0.359375 0.71015625 0.015625 0.0109375
1 0.31015625 0.7 0.021875 0.01875
1 0.2578125 0.70234375 0.021875 0.015625
1 0.240625 0.71640625 0.0140625 0.009375
1 0.18203125 0.7375 0.009375 0.0078125
1 0.18515625 0.7125 0.0109375 0.0109375
1 0.22734375 0.72890625 0.009375 0.0109375
1 0.24296875 0.7765625 0.0109375 0.0078125
1 0.2 0.7796875 0.0125 0.00625
1 0.23359375 0.7984375 0.0109375 0.0078125
1 0.26875 0.81171875 0.0140625 0.0109375
1 0.2859375 0.7953125 0.0078125 0.0078125
1 0.32265625 0.79453125 0.009375 0.0078125
1 0.41171875 0.76015625 0.053125 0.0234375
1 0.26640625 0.71171875 0.0109375 0.0078125
1 0.29140625 0.72109375 0.03125 0.028125
1 0.2765625 0.73515625 0.0265625 0.0109375
1 0.29453125 0.75859375 0.0140625 0.0078125
1 0.26328125 0.79453125 0.0390625 0.0265625
