0 0.146875 0.39921875 0.29375 0.1921875
0 0.959375 0.2703125 0.08125 0.109375
0 0.91484375 0.3796875 0.0703125 0.034375
2 0.9171875 0.428125 0.0171875 0.0125
2 0.596875 0.459375 0.0171875 0.0125
2 0.59453125 0.4375 0.0203125 0.0125
2 0.68359375 0.35 0.01875 0.0140625
2 0.82734375 0.25390625 0.015625 0.0140625
2 0.946875 0.19453125 0.015625 0.0140625
0 0.61953125 0.390625 0.0984375 0.084375
0 0.7515625 0.27578125 0.134375 0.11875
0 0.94921875 0.1546875 0.1015625 0.0625
2 0.19765625 0.80625 0.203125 0.1875
