2 0.58046875 0.56171875 0.0140625 0.0125
2 0.578125 0.3953125 0.0171875 0.0140625
2 0.46875 0.39609375 0.009375 0.0140625
2 0.49765625 0.32734375 0.009375 0.0140625
2 0.590625 0.27421875 0.0171875 0.00625
2 0.58046875 0.34453125 0.0203125 0.0140625
2 0.584375 0.30546875 0.015625 0.0078125
2 0.75625 0.459375 0.015625 0.0109375
2 0.74609375 0.4125 0.015625 0.0109375
2 0.88515625 0.28046875 0.015625 0.0078125
0 0.59453125 0.08046875 0.025 0.03125
0 0.565625 0.140625 0.0421875 0.065625
0 0.11328125 0.98671875 0.0171875 0.0265625
1 0.889686 0.978554 0.065878 0.042892
1 0.694588 0.705622 0.078177 0.088309
