0 0.3796875 0.28828125 0.478125 0.1421875
2 0.67578125 0.3453125 0.009375 0.009375
2 0.678125 0.32109375 0.0078125 0.00625
2 0.68125 0.28515625 0.009375 0.009375
2 0.68671875 0.2421875 0.0109375 0.0078125
2 0.68828125 0.21796875 0.0109375 0.0078125
2 0.7 0.20078125 0.009375 0.0078125
2 0.70234375 0.1796875 0.0109375 0.009375
2 0.7109375 0.10625 0.009375 0.009375
2 0.71171875 0.08984375 0.0109375 0.0078125
2 0.71484375 0.0578125 0.009375 0.00625
2 0.71171875 0.0734375 0.0109375 0.00625
0 0.63671875 0.16015625 0.0359375 0.1140625
0 0.66015625 0.02890625 0.0234375 0.0359375
2 0.40234375 0.81484375 0.16875 0.159375
