0 0.3609375 0.20234375 0.0640625 0.0390625
0 0.553125 0.18828125 0.253125 0.1921875
0 0.159375 0.3875 0.31875 0.259375
1 0.83984375 0.109375 0.3203125 0.21875
1 0.87578125 0.4421875 0.20625 0.159375
1 0.953125 0.546875 0.09375 0.14375
2 0.69296875 0.3734375 0.0265625 0.078125
2 0.2546875 0.84453125 0.0234375 0.0171875
2 0.04609375 0.9796875 0.0328125 0.0265625
2 0.34921875 0.94296875 0.0421875 0.025
2 0.6265625 0.76484375 0.0234375 0.0265625
0 0.28125 0.88203125 0.025 0.021875
0 0.18203125 0.85859375 0.071875 0.028125
0 0.0421875 0.93984375 0.0484375 0.040625
0 0.94453125 0.97734375 0.0640625 0.0453125
