1 0.185042 0.169106 0.176734 0.146399
1 0.388796 0.025872 0.122563 0.051743
0 0.59375 0.15625 0.028125 0.115625
0 0.6140625 0.265625 0.06875 0.0375
2 0.61015625 0.315625 0.01875 0.0140625
2 0.9390625 0.3296875 0.01875 0.0140625
2 0.94140625 0.30703125 0.021875 0.0140625
2 0.85078125 0.22265625 0.0203125 0.015625
2 0.7046875 0.13125 0.0171875 0.015625
2 0.58515625 0.0765625 0.0109375 0.015625
0 0.915625 0.26015625 0.1 0.090625
0 0.78125 0.14921875 0.1359375 0.128125
0 0.60546875 0.03671875 0.0515625 0.0703125
0 0.365625 0.8203125 0.159375 0.1828125
0 0.209375 0.9890625 0.065625 0.021875
